Finish_Line 187 -5.5 12.5 8.8 40.6001 54.2001 0 0 0 0
Wall -256 -56 -49 0.5 1 1 0 0 1 1.5708
Wall -256.5 72.5 -49 1 1 1 0 0 0 0
Wall -256 -61 -49 1 1 1 0 0 0 0
Floor1 -256 -56 -53.5 1 1 1 0 0 0 0
Floor1 -256 -56 78.5 1 1 1 0 0 0 0
Wall 0 72 -49 1 1 1 0 0 0 0
Wall 0 -61 -49 1 1 1 0 0 0 0
Floor1 0 -56 -53.5 1 1 1 0 0 0 0
Floor1 0 -56 78.5 1 1 1 0 0 0 0
Wall 256 72 -49 1 1 1 -0 0 0 0
Wall 384 72 -49 1 1 1 -1.69873e-006 1.69873e-006 -1 1.5708
Floor1 256 72 -53.5 1 1 1 -1.69873e-006 1.69873e-006 -1 1.5708
Floor1 256 -56 78.5 0.5 1 1 0 0 0 0
Floor1 383.5 -56 83.5 1 1 1 0.707107 -0.707107 -1.16229e-006 3.14159
Crate 63 -17 -5 10 10 10 0 0 0 0
Crate 9.5771 17.9002 16.9222 10 10 10 0 0 0 0
Wall 250.792 -56.5493 -49.0212 1 1 1 0 0 -1 1.5708
Wall 384.011 -183.962 -49.2144 1 1 1 0 0 -1 1.5708
Floor1 384.44 -439.827 -53.5 1 1 1 0 0 1 1.5708
Floor1 383.5 -440 83.5 1 1 1 0 1 0 3.14159
Wall -5 -312.5 -49 1 1 1 0 0 0 0
Wall 128 -445 -49 1 1 1 0 0 0 0
Floor1 -0.5 -440.5 -54 1 1 1 0 0 0 0
Floor2 0 -440.5 -49 1 1 1 0 -1 0 1.5708
Crate 221 21 9 20 20 20 0 0 0 0
Floor1 256 -56 12.5 0.6 1 1 0 0 -1 1.5708
Floor1 306 -209.5 -48.5 0.6 1 1 0.57735 -0.57735 -0.57735 2.0944
Floor2 127.5 -445.5 208 1 1 1 -0.57735 0.57735 0.57735 2.0944
Floor2 127.5 -189.5 208 1 1 1 -0.57735 0.57735 -0.57735 2.0944
Floor2 -5 -312.5 79 1 1 1 0.57735 0.57735 0.57735 2.0944
Crate 54 -294.5 171.5 15 15 15 0 0 0 0
